0000000000000000000000000000000000000400
0100000000000000000000000000000000000040
0000000000000000000000000000000000020304
0000000000000000000000000000000000002000
0000000000000000000000000000000000000200
0000000000000000000000000000000000000000
0000000000000000000000000000000000000000
0000000000000000000000000000000000000000
0000000000000000000000000000000000000000
0000000000000000000000000000000000000000
0000000000000000000000000000000000000000
0000000000000000000000000000000000000000
0000000000000000000000000000000000000000
0000000000000000000000000000000000000000
0000000000000000000000000000000000000000
0000000000000000000000000000000000000000
0000000000000000000000000000000000000000
0000000000000000000000000000000000000000
0000000000000000000000000000000000000000
0000000000000000000000000000000000000000
0000000000000000000000000000000000000000
0000000000000000000000000000000000000000
0000000000000000000000000000000000000000
0000000000000000000000000000000000000000
0000000000000000000000000000000000000000
0020000000000000000000000000000000000200
0002000000000000000000000000000000002000
4030200000000000000000000000000000020304
0400000000000000000000000000000000000040
0040000000000000000000000000000000000400